1 0 0 0
0 1 0 0
-0 0 1 0
0 0 0 0
   0.999885  -0.0142934 -0.00498178 -0.00137629
  0.0143473    0.999837   0.0109595   0.0491022
 0.00482432  -0.0110297    0.999927 -0.00401024
          0           0           0           0
   0.999833  -0.0171645 -0.00621787 -0.00420348
  0.0172584    0.999733   0.0153817    0.102444
 0.00595219  -0.0154865    0.999862   -0.013923
          0           0           0           0
   0.999799  -0.0189238 -0.00656409 0.000152366
  0.0190443    0.999642   0.0188041    0.149116
 0.00620589  -0.0189254    0.999802 -0.00139957
          0           0           0           0
    0.99984  -0.0175468 -0.00355087 0.000973049
  0.0176291    0.999541   0.0246322    0.199103
 0.00311703  -0.0246908     0.99969 -0.00696477
          0           0           0           0
     0.9998  -0.0190303 -0.00609223  0.00434514
  0.0192304    0.999214   0.0346613    0.240911
 0.00542783  -0.0347715     0.99938  0.00967992
          0           0           0           0
   0.999665  -0.0244039 -0.00865996  0.00261223
  0.0247543     0.99877   0.0429701     0.28799
 0.00760067  -0.0431701    0.999039 -0.00356366
          0           0           0           0
   0.999482  -0.0286841  -0.0145899 -0.00336073
  0.0293435    0.998454   0.0471962    0.338859
  0.0132135  -0.0475999    0.998779  -0.0128338
          0           0           0           0
  0.999364 -0.0298418 -0.0195025 -0.0121136
 0.0306714   0.998573  0.0437232   0.387017
 0.0181699 -0.0442936   0.998853 -0.0191312
         0          0          0          0
   0.99926 -0.0298805   -0.02422 -0.0194504
 0.0307351   0.998889   0.035716   0.431929
 0.0231258  -0.036434   0.999068 -0.0235301
         0          0          0          0
  0.999237 -0.0238582 -0.0309108 -0.0319033
 0.0243617   0.999575  0.0160152    0.48324
 0.0305156  -0.016756   0.999394 -0.0211704
         0          0          0          0
    0.999262   -0.0185954   -0.0336165   -0.0439598
   0.0185786     0.999827 -0.000810145     0.527842
   0.0336257  0.000184993     0.999434   -0.0291581
           0            0            0            0
   0.999209  -0.0112387  -0.0381351  -0.0568038
  0.0109279    0.999905 -0.00834791    0.577138
  0.0382253  0.00792457    0.999238  -0.0374385
          0           0           0           0
   0.999182 -0.00747852  -0.0397536   -0.061916
 0.00715215     0.99994 -0.00834593    0.619597
  0.0398136  0.00805477    0.999175   -0.037499
          0           0           0           0
   0.999237 -0.00196473  -0.0390035  -0.0695503
 0.00160355    0.999956 -0.00928951    0.666854
    0.03902  0.00921988    0.999196  -0.0304073
          0           0           0           0
  0.999206 0.00141701 -0.0398128 -0.0716007
-0.00182284   0.999947 -0.0101591   0.709211
 0.0397963  0.0102236   0.999155 -0.0220727
         0          0          0          0
  0.999043 0.00441813 -0.0435114 -0.0762708
-0.00486722   0.999936 -0.0102207   0.753522
 0.0434634  0.0104227      0.999  -0.029455
         0          0          0          0
  0.998715   0.010965 -0.0494828 -0.0818317
-0.0115209   0.999874 -0.0109642   0.801014
 0.0493563  0.0115202   0.998715   -0.03593
         0          0          0          0
  0.998255  0.0194308 -0.0557699 -0.0850355
 -0.020076   0.999738 -0.0110332   0.848005
 0.0555409  0.0121336   0.998382 -0.0227249
         0          0          0          0
  0.998165   0.023719 -0.0557206 -0.0842127
-0.0244861   0.999614 -0.0131246   0.892828
 0.0553878  0.0144649    0.99836 -0.0255285
         0          0          0          0
  0.998381  0.0236203 -0.0517521 -0.0804287
-0.0247262   0.999477 -0.0208353   0.935807
 0.0512329  0.0220812   0.998442 -0.0375595
         0          0          0          0
  0.998855  0.0212356  -0.042862 -0.0710247
-0.0227149   0.999153 -0.0343246   0.980991
 0.0420968  0.0352589   0.998491 -0.0539104
         0          0          0          0
  0.999249  0.0183194 -0.0341444  -0.059241
-0.0199679    0.99862 -0.0485811    1.03146
 0.0332073  0.0492264   0.998235  -0.058203
         0          0          0          0
  0.999479  0.0102829 -0.0305932 -0.0453061
-0.0120827   0.998171 -0.0592388    1.07583
 0.0299281  0.0595775   0.997775 -0.0696977
         0          0          0          0
  0.999629 0.00387816 -0.0269642 -0.0382268
-0.0053741   0.998437 -0.0556297    1.13091
 0.0267063  0.0557539   0.998087 -0.0649987
         0          0          0          0
  0.999523  -0.011299 -0.0287492 -0.0293715
0.00998541   0.998918 -0.0454332    1.18341
 0.0292314  0.0451244   0.998553 -0.0464697
         0          0          0          0
  0.999423 -0.0192539 -0.0279961 -0.0261631
 0.0182356   0.999179 -0.0361831    1.23431
 0.0286698  0.0356517   0.998953  -0.032221
         0          0          0          0
   0.999515  -0.0212969  -0.0227476  -0.0205323
  0.0206887    0.999431  -0.0266475     1.28498
  0.0233022   0.0261639    0.999386 -0.00913611
          0           0           0           0
   0.999666   -0.020749  -0.0154265  -0.0150515
  0.0204909     0.99965  -0.0167066     1.33547
  0.0157678   0.0163849    0.999741 -0.00194388
          0           0           0           0
   0.999703  -0.0223061 -0.00980935  -0.0112149
  0.0222667    0.999744 -0.00410887     1.38187
  0.0098985  0.00388922    0.999943  0.00358459
          0           0           0           0
   0.999464  -0.0319879 -0.00698669 -0.00727818
  0.0320303    0.999469  0.00604289     1.43394
 0.00678969 -0.00626344    0.999957  0.00154256
          0           0           0           0
   0.999212  -0.0391227 -0.00675448 -0.00872687
  0.0391953    0.999171    0.010964     1.47991
 0.00631995  -0.0112201    0.999917 -0.00612245
          0           0           0           0
   0.999318  -0.0360903 -0.00788392  -0.0148266
  0.0361548    0.999313  0.00820772     1.52732
  0.0075823 -0.00848717    0.999935  -0.0141716
          0           0           0           0
   0.999609  -0.0255544  -0.0113299  -0.0239637
  0.0255836     0.99967  0.00243896     1.57384
  0.0112638 -0.00272788    0.999933   -0.018826
          0           0           0           0
   0.999802 -0.00786774  -0.0182699  -0.0400836
 0.00773854    0.999945 -0.00713186      1.6236
   0.018325  0.00698905    0.999807  -0.0221843
          0           0           0           0
   0.99969 0.00644877 -0.0240683 -0.0555586
-0.00697223    0.99974  -0.021729    1.67044
 0.0239219    0.02189   0.999474 -0.0279473
         0          0          0          0
  0.999497  0.0142942 -0.0282978 -0.0713066
-0.0150628   0.999518 -0.0271356    1.71776
 0.0278963  0.0275482   0.999231 -0.0412025
         0          0          0          0
  0.999264  0.0219709 -0.0314328 -0.0818754
-0.0227168   0.999464  -0.023571    1.76481
 0.0308981  0.0242677   0.999228 -0.0258589
         0          0          0          0
  0.998959  0.0369877 -0.0266973 -0.0886014
-0.0374145   0.999177 -0.0156691    1.81492
 0.0260957  0.0166516   0.999521 -0.0200103
         0          0          0          0
   0.998481   0.0494421  -0.0243257  -0.0929989
 -0.0496478    0.998735 -0.00792451     1.86071
  0.0239032  0.00912018    0.999673 -0.00564087
          0           0           0           0
   0.998009   0.0578405  -0.0251657  -0.0960049
 -0.0578665    0.998324 -0.00030832     1.90845
  0.0251057  0.00176395    0.999683 -0.00760424
          0           0           0           0
   0.997231   0.0680041  -0.0301117   -0.101625
 -0.0678381    0.997675   0.0065016     1.95651
  0.0304839 -0.00444088    0.999525 -0.00932292
          0           0           0           0
   0.996639   0.0733367  -0.0364998   -0.108163
 -0.0729183    0.997258   0.0126667     2.00266
  0.0373286 -0.00996261    0.999253 -0.00170243
          0           0           0           0
   0.996386   0.0756167  -0.0386968   -0.109843
 -0.0750599    0.997056   0.0156463     2.04784
   0.039766  -0.0126852    0.999128 -0.00419011
          0           0           0           0
   0.996558   0.0736414   -0.038073   -0.107939
 -0.0731774    0.997228   0.0134399     2.09271
  0.0389572  -0.0106075    0.999184 -0.00725309
          0           0           0           0
   0.997312     0.06456  -0.0346623  -0.0991402
 -0.0644684    0.997913  0.00375715     2.13627
  0.0348325 -0.00151244    0.999392  -0.0088064
          0           0           0           0
  0.997944  0.0587161 -0.0257077 -0.0836752
-0.0590296   0.998189 -0.0116079    2.17474
 0.0249796  0.0131015   0.999602 0.00486579
         0          0          0          0
  0.997961  0.0627249 -0.0118233 -0.0692733
 -0.063023   0.997652 -0.0268029    2.21813
 0.0101143  0.0274934   0.999571 -0.0151526
         0          0          0          0
    0.99772    0.067465 -0.00173973  -0.0557407
 -0.0674853    0.997155  -0.0335793     2.26513
-0.000530641   0.0336202    0.999434   -0.023724
          0           0           0           0
    0.997853    0.0654861 -0.000843263   -0.0489642
  -0.0654803      0.99736   -0.0313919      2.31286
 -0.00121469    0.0313797     0.999507   -0.0176461
           0            0            0            0
   0.998557   0.0532876 -0.00668544  -0.0416663
 -0.0534389    0.998259  -0.0249745     2.35973
 0.00534297   0.0252957    0.999666 0.000818546
          0           0           0           0
   0.998807   0.0483051 -0.00711824  -0.0366008
 -0.0484415    0.998617  -0.0204345     2.40466
 0.00612131   0.0207549    0.999766   0.0107593
          0           0           0           0
    0.998902    0.0468396 -0.000914614   -0.0319304
  -0.0468485     0.998743   -0.0177974      2.44697
 7.98473e-05    0.0178207     0.999841    0.0173041
           0            0            0            0
  0.999008  0.0441443 0.00584098 -0.0259586
-0.0440651   0.998943  -0.013055    2.48945
-0.00641111  0.0127846   0.999898  0.0303656
         0          0          0          0
   0.999101   0.0410004    0.010815  -0.0206635
 -0.0408979    0.999118 -0.00953751     2.53313
 -0.0111965   0.0090866    0.999896   0.0269259
          0           0           0           0
   0.999161   0.0386793   0.0134779    -0.01826
 -0.0386081    0.999239 -0.00550139     2.57646
 -0.0136804   0.0049764    0.999894   0.0191769
          0           0           0           0
   0.999223   0.0371929   0.0130434  -0.0174469
 -0.0371486    0.999303 -0.00362211     2.62026
  -0.013169  0.00313473    0.999908   0.0129262
          0           0           0           0
   0.999294   0.0356619   0.0118182  -0.0196878
 -0.0355884    0.999346 -0.00637096     2.66539
 -0.0120376  0.00594585     0.99991  0.00221355
          0           0           0           0
   0.999399   0.0343046  0.00505574  -0.0260323
 -0.0342346    0.999325  -0.0133455     2.71016
-0.00551013   0.0131643    0.999898 -0.00719275
          0           0           0           0
   0.999078   0.0427262  -0.0040762  -0.0362952
 -0.0428323      0.9986  -0.0310408     2.75384
 0.00274425   0.0311867     0.99951 -0.00985471
          0           0           0           0
   0.998281   0.0580174 -0.00825661  -0.0517147
 -0.0583958    0.996654  -0.0571903     2.79416
 0.00491096   0.0575741    0.998329 -0.00740228
          0           0           0           0
   0.997405   0.0717764 -0.00560419  -0.0597779
 -0.0719928     0.99494   -0.070084     2.83743
0.000545465   0.0703055    0.997525  -0.0268237
          0           0           0           0
    0.99612   0.0880092 0.000423919  -0.0669369
 -0.0877577    0.993614  -0.0709143     2.88424
-0.00666231   0.0706019    0.997482  -0.0252823
          0           0           0           0
  0.995046   0.099199 0.00651123 -0.0696194
-0.0985302   0.992804 -0.0680524    2.93037
-0.0132151  0.0670737    0.99766 -0.0117903
         0          0          0          0
   0.994515    0.104117  0.00996969  -0.0675443
  -0.103251    0.992506  -0.0653476     2.96933
 -0.0166987   0.0639598    0.997813 -0.00130031
          0           0           0           0
  0.991929   0.125815  0.0157595 -0.0647798
 -0.124598   0.990212 -0.0628895    3.00949
-0.0235177  0.0604183   0.997896 0.00289992
         0          0          0          0
  0.988867   0.147361  0.0206686  -0.065921
 -0.145912     0.9875 -0.0596092    3.05481
-0.0291943  0.0559297   0.998008  0.0106439
         0          0          0          0
  0.988853   0.147559  0.0198951 -0.0640358
 -0.146327   0.987794 -0.0533903    3.09719
-0.0275305   0.049884   0.998375 0.00546447
         0          0          0          0
  0.990293   0.138243  0.0144566 -0.0645187
 -0.137601   0.989735 -0.0386035    3.15157
-0.0196449  0.0362395    0.99915  0.0136965
         0          0          0          0
  0.992634   0.120871 0.00821014 -0.0634124
 -0.120654   0.992423 -0.0232182    3.20403
-0.0109543  0.0220566   0.999697 0.00897255
         0          0          0          0
  0.993906   0.110196 0.00283136 -0.0517616
 -0.110134   0.993774 -0.0168625    3.25164
-0.0046719  0.0164479   0.999854  0.0140201
         0          0          0          0
  0.993227   0.116123 0.00387118 -0.0446558
 -0.115997   0.992956 -0.0241404    3.29931
-0.00664717  0.0235278   0.999701  0.0110503
         0          0          0          0
   0.993037    0.117657  0.00580275  -0.0349349
  -0.117331    0.992274  -0.0403294     3.33818
 -0.0105029   0.0393677     0.99917 -0.00302266
          0           0           0           0
  0.992914   0.118321  0.0110175 -0.0204597
 -0.117639   0.991813 -0.0496811    3.37898
-0.0168056  0.0480329   0.998704 -0.0279393
         0          0          0          0
  0.992638   0.120452  0.0127317 -0.0154033
 -0.119801   0.991854 -0.0432887    3.42878
-0.0178422  0.0414447   0.998981 -0.0231787
         0          0          0          0
   0.994713    0.102129   0.0108091  -0.0077275
  -0.101777    0.994378  -0.0292185     3.47654
 -0.0137324   0.0279639    0.999515 -0.00729484
          0           0           0           0
  0.996036  0.0884096 0.00981401 0.00440109
-0.0882359   0.995956  -0.016915    3.52478
-0.0112698   0.015982   0.999809  0.0144295
         0          0          0          0
  0.996487  0.0829332  0.0116296  0.0114757
-0.0828074   0.996506 -0.0109102    3.56578
-0.0124937 0.00990881   0.999873  0.0274254
         0          0          0          0
  0.996895  0.0777597  0.0124452  0.0164168
-0.0777202   0.996968 -0.0036336    3.60798
  -0.01269 0.00265505   0.999916  0.0279204
         0          0          0          0
   0.997319   0.0725987  0.00923126   0.0186772
 -0.0726383     0.99735  0.00402368     3.64996
-0.00891468 -0.00468346    0.999949   0.0257383
          0           0           0           0
  0.997691  0.0677264 0.00513326   0.020074
-0.0677813   0.997635  0.0113919    3.69386
-0.00434958 -0.0117136   0.999922  0.0212485
         0          0          0          0
   0.997864   0.0653157 0.000891386   0.0194752
 -0.0653214    0.997717   0.0171191     3.74077
0.000228795  -0.0171408    0.999853   0.0188464
          0           0           0           0
   0.997833   0.0656467 -0.00445321     0.01586
 -0.0655591    0.997694   0.0175768     3.78719
  0.0055968  -0.0172468    0.999835   0.0156767
          0           0           0           0
    0.99766    0.067733 -0.00927749   0.0103306
 -0.0676092    0.997626   0.0130641     3.83271
  0.0101403  -0.0124063    0.999871   0.0072976
          0           0           0           0
   0.997347   0.0713111  -0.0146378  0.00497055
 -0.0712365    0.997444  0.00556133      3.8799
  0.0149969 -0.00450385    0.999877  0.00388875
          0           0           0           0
   0.996949   0.0757744  -0.0187561 -0.00711994
 -0.0759518    0.997071  -0.0089294     3.92047
  0.0180245   0.0103267    0.999784  0.00905876
          0           0           0           0
  0.996696  0.0782459 -0.0217901 -0.0155641
-0.0787474   0.996625 -0.0231942    3.96145
 0.0199017  0.0248334   0.999493  0.0125593
         0          0          0          0
   0.996406   0.0822837  -0.0201124  -0.0243774
   -0.08283    0.996169  -0.0280274     4.00488
  0.0177292   0.0295926    0.999405 0.000868947
          0           0           0           0
     0.996  0.0875132 -0.0180269 -0.0276271
-0.0879644   0.995785 -0.0259745    4.04934
 0.0156778  0.0274563     0.9995 0.00699456
         0          0          0          0
  0.995679  0.0914943 -0.0158909 -0.0337673
-0.0918413   0.995515 -0.0226791    4.09365
 0.0137446  0.0240405   0.999616  0.0197088
         0          0          0          0
  0.995888  0.0890721 -0.0165247 -0.0361047
-0.0893764   0.995822 -0.0186944    4.13588
 0.0147906  0.0200944   0.999688  0.0272838
         0          0          0          0
   0.99604  0.0868288 -0.0190939 -0.0373319
-0.0870721   0.996126 -0.0123032     4.1767
 0.0179516  0.0139169   0.999742  0.0302525
         0          0          0          0
   0.995933    0.087328  -0.0221795  -0.0387166
 -0.0874673    0.996153 -0.00538562     4.21831
  0.0216238  0.00730366    0.999739   0.0299441
          0           0           0           0
   0.995856    0.087671   -0.024199  -0.0386458
 -0.0876868    0.996148 0.000408123     4.26236
  0.0241416  0.00171548    0.999707   0.0275664
          0           0           0           0
    0.99585    0.087875  -0.0236919  -0.0361458
 -0.0878013    0.996129  0.00413445     4.30796
  0.0239635 -0.00203714    0.999711   0.0265379
          0           0           0           0
  0.996085  0.0856557 -0.0218762 -0.0304689
-0.0855937   0.996323 0.00375694    4.35202
 0.0221175 -0.0018698   0.999753   0.030261
         0          0          0          0
  0.996454  0.0826105 -0.0159926 -0.0193528
-0.0826641   0.996574 -0.0027189      4.392
 0.0157132 0.00403124   0.999868  0.0243043
         0          0          0          0
   0.996444   0.0839226 -0.00752323 -0.00821181
 -0.0840307    0.996343  -0.0154451     4.43301
 0.00619952   0.0160223    0.999852   0.0212063
          0           0           0           0
    0.996613    0.0821412   -0.0040111 -0.000370475
  -0.0822292     0.996064   -0.0330952      4.47232
  0.00127683    0.0333129     0.999444   0.00567693
           0            0            0            0
   0.997245   0.0740382 -0.00459289  0.00841343
 -0.0741744    0.996044  -0.0489292     4.51368
0.000952085    0.049135    0.998792  -0.0176306
          0           0           0           0
  0.997095  0.0761688 -0.0002806  0.0177199
-0.0760852   0.995814 -0.0506432    4.56047
-0.00357801  0.0505174   0.998717 -0.0203405
         0          0          0          0
   0.997464   0.0711083 -0.00293553   0.0217477
 -0.0711681    0.996401  -0.0460439     4.60586
-0.000349149   0.0461361    0.998935   -0.010835
          0           0           0           0
   0.997893   0.0643916 -0.00792481    0.029945
 -0.0646542    0.997137  -0.0392026     4.65049
  0.0053778   0.0396323      0.9992  0.00203867
          0           0           0           0
    0.99772   0.0670762 -0.00743507   0.0364999
 -0.0672914    0.997155   -0.033975     4.69344
 0.00513499   0.0343979    0.999395   0.0205057
          0           0           0           0
   0.997212   0.0745356 -0.00342388   0.0432721
 -0.0746058     0.99674  -0.0307169     4.73073
 0.00112321   0.0308867    0.999522   0.0357147
          0           0           0           0
   0.996539   0.0831282 0.000336756   0.0490665
 -0.0830862    0.996149  -0.0279931     4.77044
-0.00266248   0.0278682    0.999608   0.0329723
          0           0           0           0
    0.995879    0.0906926 -0.000313268    0.0504643
  -0.0906748     0.995602   -0.0235271      4.81184
 -0.00182185    0.0234586     0.999723    0.0355075
           0            0            0            0
   0.995414   0.0956399 -0.00204125   0.0485489
 -0.0956607    0.995271  -0.0168373     4.85531
0.000421271   0.0169554    0.999856   0.0256281
          0           0           0           0
    0.99448    0.104617 -0.00810001    0.045013
  -0.104715     0.99442  -0.0127757     4.89938
 0.00671826   0.0135533    0.999885   0.0205822
          0           0           0           0
  0.992825   0.118347 -0.0171057  0.0386457
 -0.118552   0.992881 -0.0115154    4.94484
 0.0156211  0.0134607   0.999787  0.0148533
         0          0          0          0
   0.990515    0.134701  -0.0271268   0.0281942
  -0.135062    0.990765  -0.0119418     4.98898
  0.0252677   0.0154923     0.99956 0.000629398
          0           0           0           0
  0.987661   0.152019 -0.0376243  0.0136959
  -0.15275   0.988112 -0.0173729    5.03499
  0.034536  0.0229057   0.999141 0.00565729
         0          0          0          0
    0.985728     0.162853    -0.042646 -4.99968e-05
   -0.163959     0.986179   -0.0238331      5.08047
   0.0381753    0.0304851     0.998806  -0.00822319
           0            0            0            0
   0.984335    0.170062  -0.0465188  -0.0109182
  -0.171213    0.984989   -0.021962     5.12894
  0.0420856   0.0295826    0.998676 -0.00575904
          0           0           0           0
  0.983692   0.173834 -0.0461785 -0.0115123
  -0.17466   0.984522 -0.0144762    5.17436
 0.0429473  0.0223057   0.998828 0.00564078
         0          0          0          0
   0.981528    0.186259  -0.0436996  -0.0127256
  -0.186678    0.982405 -0.00568054     5.22131
  0.0418726   0.0137333    0.999028   0.0127301
          0           0           0           0
  0.980011   0.194369 -0.0424146 -0.0195743
 -0.194489   0.980904 0.00130756    5.26096
 0.0418587 0.00696774   0.999099  0.0291953
         0          0          0          0
  0.980159   0.193831 -0.0414524 -0.0224891
 -0.193771   0.981031 0.00550704    5.29839
 0.0417336 0.00263448   0.999125  0.0317599
         0          0          0          0
   0.980755    0.190578   -0.042422  -0.0229292
  -0.190339    0.981671  0.00965458     5.33464
  0.0434844 -0.00139424    0.999053   0.0382125
          0           0           0           0
  0.980828    0.19012 -0.0427889 -0.0170464
 -0.189717   0.981748  0.0133153    5.37212
 0.0445394 -0.0049422   0.998995  0.0439784
         0          0          0          0
   0.980821    0.190057  -0.0432196  -0.0169533
  -0.189477    0.981735   0.0171629      5.4056
  0.0456921 -0.00864468    0.998918   0.0440726
          0           0           0           0
   0.981494    0.186487  -0.0434874  -0.0120635
  -0.185872    0.982412   0.0178177     5.43712
  0.0460453 -0.00940488    0.998895   0.0469191
          0           0           0           0
   0.982376    0.182177  -0.0418315 -0.00510479
  -0.181702     0.98324   0.0149297     5.47184
  0.0438502 -0.00706578    0.999013    0.048145
          0           0           0           0
    0.983515     0.176715   -0.0383327   0.00460392
   -0.176574     0.984262   0.00705757      5.50431
   0.0389766 -0.000172676      0.99924    0.0451393
           0            0            0            0
   0.984545    0.172403  -0.0308137   0.0206095
  -0.172656    0.984965 -0.00572677     5.53465
  0.0293631   0.0109584    0.999508   0.0416574
          0           0           0           0
  0.984906   0.171478 -0.0235932  0.0370148
 -0.172022   0.984816 -0.0233557    5.56498
   0.01923  0.0270616   0.999448  0.0511871
         0          0          0          0
  0.985354   0.169626 -0.0174388  0.0527314
 -0.170273   0.984267 -0.0471784    5.59429
0.00916182  0.0494567   0.998734  0.0288527
         0          0          0          0
  0.984582   0.174553 -0.0113529  0.0712981
  -0.17492    0.98279 -0.0593939    5.63146
0.000790153   0.060464    0.99817  0.0297176
         0          0          0          0
   0.985218    0.171139 -0.00753402   0.0761453
  -0.171278    0.983325  -0.0611126     5.66919
-0.00305036   0.0614997    0.998102  0.00629693
          0           0           0           0
   0.988424    0.151237  -0.0120907   0.0835992
  -0.151673    0.986954  -0.0540062     5.70929
  0.0037652   0.0552148    0.998467 0.000418832
          0           0           0           0
  0.991131   0.131685 -0.0178772  0.0956494
 -0.132367   0.990189   -0.04476    5.74902
 0.0118076  0.0467294   0.998837   0.019793
         0          0          0          0
  0.992472   0.121241 -0.0173117   0.107451
 -0.121838   0.991781 -0.0390527    5.78263
 0.0124346  0.0408679   0.999087  0.0359259
         0          0          0          0
  0.993077     0.1165  -0.015037   0.119247
 -0.116967   0.992509 -0.0352706    5.81371
 0.0108153  0.0367853   0.999264  0.0478269
         0          0          0          0
  0.993656   0.111566 -0.0141719   0.126827
 -0.111947   0.993271 -0.0296762     5.8503
 0.0107657  0.0310744   0.999459  0.0465437
         0          0          0          0
  0.994313   0.105368 -0.0154578   0.131775
 -0.105672   0.994192 -0.0203549     5.8867
 0.0132233  0.0218726   0.999673  0.0550074
         0          0          0          0
    0.99475    0.100699  -0.0182293    0.138808
  -0.100874    0.994858 -0.00898918     5.92707
  0.0172303   0.0107808    0.999793   0.0610645
          0           0           0           0
   0.995063   0.0971806  -0.0201607    0.142385
 -0.0971614    0.995267   0.0019385     5.97004
  0.0202537 2.98933e-05    0.999794   0.0595349
          0           0           0           0
   0.995079    0.096936  -0.0205164    0.148169
 -0.0968098    0.995278  0.00706351     6.01332
  0.0211042 -0.00504259    0.999764   0.0501603
          0           0           0           0
   0.994712    0.100161  -0.0227352    0.149455
 -0.0999624    0.994944  0.00970739     6.05685
  0.0235926 -0.00738341    0.999694   0.0409766
          0           0           0           0
   0.993901    0.107423  -0.0249193    0.152557
  -0.107164    0.994175   0.0115021     6.09839
  0.0260097 -0.00876148    0.999623   0.0252731
          0           0           0           0
   0.992657    0.116896  -0.0311259    0.148429
  -0.116695    0.993134  0.00819989     6.14209
  0.0318707 -0.00450747    0.999481   0.0307391
          0           0           0           0
  0.991429   0.125194 -0.0373656   0.147027
 -0.125229   0.992127 0.00141523    6.18734
 0.0372486 0.00327612     0.9993   0.034794
         0          0          0          0
       0.99    0.133235    -0.04635    0.137124
  -0.133525     0.99104 -0.00319987     6.23237
  0.0455084  0.00935672     0.99892   0.0257064
          0           0           0           0
    0.98983    0.133154  -0.0500628    0.133487
  -0.133739     0.99098 -0.00851756     6.27245
  0.0484771   0.0151263    0.998709   0.0233139
          0           0           0           0
  0.987986   0.147143 -0.0472551   0.144657
 -0.147776   0.988968  -0.010176    6.31315
 0.0452365  0.0170369   0.998831  0.0348712
         0          0          0          0
  0.986229   0.159729 -0.0428887   0.137886
 -0.160217   0.987048 -0.0081852    6.35424
 0.0410258   0.014944   0.999046  0.0471253
         0          0          0          0
   0.985739    0.162783  -0.0426783    0.135916
  -0.163208    0.986569 -0.00664097     6.39352
   0.041024   0.0135117    0.999066   0.0487132
          0           0           0           0
  0.985336   0.164394 -0.0456949   0.137605
 -0.164821   0.986307 -0.0057063    6.43064
 0.0441311  0.0131541   0.998939  0.0471279
         0          0          0          0
   0.985053    0.165615  -0.0473591    0.138271
  -0.165981    0.986121 -0.00387033     6.46759
  0.0460608   0.0116731     0.99887   0.0416083
          0           0           0           0
   0.984826    0.165971  -0.0507176    0.138564
  -0.166184    0.986095 3.04533e-05     6.50645
  0.0500174  0.00839842    0.998713   0.0344817
          0           0           0           0
  0.985346   0.161676  -0.054358   0.140077
 -0.161768   0.986825 0.00273199    6.54453
 0.0540835 0.00610143   0.998517  0.0395369
         0          0          0          0
  0.986282   0.155582   -0.05516   0.146426
 -0.155682   0.987804 0.00250429    6.58184
 0.0548769 0.00611744   0.998474  0.0423544
         0          0          0          0
   0.987861    0.145855   -0.053451    0.152686
  -0.146203    0.989251 -0.00264711     6.61743
  0.0524903   0.0104296    0.998567   0.0431707
          0           0           0           0
   0.98986   0.133524 -0.0484731   0.167043
 -0.134221   0.990886 -0.0113996    6.65383
 0.0465092  0.0177901   0.998759  0.0426165
         0          0          0          0
  0.991698   0.121412 -0.0423665   0.181915
 -0.122586   0.992109 -0.0263168    6.69047
  0.038837  0.0312918   0.998755  0.0634949
         0          0          0          0
  0.993267   0.110112 -0.0360089   0.203211
 -0.111624   0.992815 -0.0431023    6.72965
 0.0310041  0.0468315   0.998421   0.052407
         0          0          0          0
  0.993988   0.106059 -0.0271909   0.218343
 -0.107361   0.992859 -0.0520011    6.77105
 0.0214815  0.0546076   0.998276  0.0415732
         0          0          0          0
  0.995146  0.0949162 -0.0259846   0.224717
-0.0961667   0.994002 -0.0520678    6.80964
 0.0208866  0.0543138   0.998305  0.0355927
         0          0          0          0
  0.996451  0.0781866 -0.0311931   0.234364
 -0.079603   0.995714 -0.0470928    6.85215
 0.0273773  0.0494087   0.998403  0.0315809
         0          0          0          0
  0.996987  0.0689091 -0.0356199   0.243441
-0.0704114   0.996599 -0.0427982    6.89117
 0.0325495  0.0451773   0.998448  0.0431064
         0          0          0          0
  0.997219  0.0658765 -0.0348421   0.252132
-0.0672996   0.996874 -0.0413815    6.92991
 0.0320071  0.0436113   0.998535  0.0537674
         0          0          0          0
  0.997228  0.0666961 -0.0329763   0.259448
-0.0679736   0.996914 -0.0392651    6.96792
 0.0302557  0.0413977   0.998684  0.0550623
         0          0          0          0
  0.997148  0.0676993 -0.0333615   0.260572
-0.0687349   0.997155 -0.0309372    7.00782
 0.0311721   0.033142   0.998964  0.0368149
         0          0          0          0
  0.997259  0.0629657 -0.0388496   0.256175
-0.0638062   0.997746 -0.0207838    7.05104
 0.0374534  0.0232056   0.999029  0.0357124
         0          0          0          0
  0.997362  0.0560574 -0.0461301   0.255816
-0.0566366    0.99833 -0.0113441    7.09658
 0.0454172  0.0139268   0.998871  0.0216099
         0          0          0          0
   0.997067   0.0548698    -0.05336    0.255809
 -0.0552073    0.998463 -0.00486862     7.14156
  0.0530109  0.00780016    0.998563   0.0334289
          0           0           0           0
   0.996632   0.0622722   -0.053367    0.258901
 -0.0623282    0.998055 0.000617963     7.18714
  0.0533017  0.00271035    0.998575   0.0226524
          0           0           0           0
    0.99531    0.077833  -0.0574465     0.25576
 -0.0777108    0.996966  0.00436259     7.23315
  0.0576118 0.000122049    0.998339   0.0337826
          0           0           0           0
   0.993237   0.0951691  -0.0665067    0.245201
 -0.0954735    0.995431 -0.00140491     7.27634
  0.0660692    0.007745    0.997785   0.0367082
          0           0           0           0
   0.990735    0.112121  -0.0766438    0.231769
  -0.112938    0.993581 -0.00639442     7.32068
  0.0754349   0.0149911    0.997038   0.0108669
          0           0           0           0
   0.988566    0.121699  -0.0890362    0.210364
   -0.12246    0.992469 -0.00311378      7.3662
  0.0879867   0.0139815    0.996023   0.0109245
          0           0           0           0
   0.98818    0.11959 -0.0959147   0.203418
 -0.119549   0.992809 0.00618915    7.41261
 0.0959651 0.00535051    0.99537  0.0182588
         0          0          0          0
   0.986474    0.132397  -0.0966447    0.209048
  -0.131522    0.991194      0.0154     7.45989
  0.0978325 -0.00248082      0.9952   0.0402885
          0           0           0           0
   0.985829    0.141878  -0.0895093     0.19974
  -0.140604    0.989855   0.0204147     7.49869
  0.0914977 -0.00754007    0.995777   0.0580876
          0           0           0           0
  0.987114   0.137261 -0.0822523   0.202185
 -0.135912   0.990481  0.0218028     7.5326
  0.084462 -0.0103428   0.996373  0.0637085
         0          0          0          0
  0.988117   0.132554  -0.077815   0.208253
 -0.131077   0.991086  0.0238186    7.56982
 0.0802786 -0.0133359   0.996683  0.0664072
         0          0          0          0
  0.989018    0.12753 -0.0746958   0.211148
 -0.125673   0.991645  0.0290825    7.60977
 0.0777806 -0.0193759   0.996782  0.0571216
         0          0          0          0
  0.989905   0.121409 -0.0731387   0.215344
 -0.119041   0.992239  0.0359262    7.64853
 0.0769328  -0.026857   0.996674  0.0582123
         0          0          0          0
  0.991168   0.112557 -0.0701299   0.220441
 -0.110004   0.993155  0.0392643    7.68807
 0.0740693  -0.031203   0.996765  0.0626371
         0          0          0          0
  0.992436   0.104523 -0.0643966   0.231727
  -0.10227   0.994055   0.037359    7.72432
 0.0679186 -0.0304906   0.997225  0.0659185
         0          0          0          0
   0.99363  0.0984755 -0.0547891    0.24545
-0.0971108   0.994906  0.0270434    7.76131
 0.0571731 -0.0215506   0.998131  0.0706301
         0          0          0          0
  0.994279  0.0975011 -0.0436183   0.262566
-0.0969463   0.995182  0.0146647    7.79712
  0.044838 -0.0103522    0.99894  0.0744201
         0          0          0          0
    0.994728    0.0958174   -0.0365468     0.275518
   -0.095913     0.995389 -0.000866134      7.83577
   0.0362953   0.00436683     0.999331    0.0621636
           0            0            0            0
  0.994534   0.100049 -0.0298965    0.29049
 -0.100445    0.99487 -0.0120319    7.88223
 0.0285393   0.014969    0.99948  0.0542174
         0          0          0          0
  0.994811  0.0979553 -0.0275149   0.286522
-0.0983891   0.995037 -0.0148728    7.92094
 0.0259215  0.0175028   0.999511  0.0499496
         0          0          0          0
   0.996467   0.0774787  -0.0324176    0.291703
 -0.0777995    0.996931 -0.00875016     7.96316
  0.0316401   0.0112413    0.999436   0.0402168
          0           0           0           0
    0.997807    0.0569638   -0.0337158     0.299252
   -0.057014     0.998373 -0.000527173      8.00632
   0.0336309   0.00244825     0.999431    0.0660447
           0            0            0            0
   0.998838   0.0389665  -0.0283844    0.313903
 -0.0388268    0.999231  0.00545637     8.05261
  0.0285752 -0.00434799    0.999582   0.0956673
          0           0           0           0
  0.999468  0.0256992 -0.0201162    0.32533
-0.0254624   0.999604  0.0119464    8.09281
 0.0204153 -0.0114278   0.999726  0.0965013
         0          0          0          0
  0.999796  0.0131461 -0.0153729   0.331497
-0.0128404   0.999721  0.0198247    8.13291
 0.0156292 -0.0196233   0.999685  0.0866131
         0          0          0          0
   0.999906 -0.00191413  -0.0135808    0.332958
 0.00233779    0.999509   0.0312556     8.17704
  0.0135143  -0.0312844    0.999419   0.0738034
          0           0           0           0
    0.9997  -0.017867 -0.0167995   0.332107
 0.0186177   0.998784  0.0456523    8.22322
 0.0159634 -0.0459514   0.998816  0.0560468
         0          0          0          0
  0.999314  -0.029582 -0.0223191   0.327321
 0.0307953   0.997948  0.0561388    8.27062
 0.0206126 -0.0567876   0.998173  0.0672687
         0          0          0          0
  0.999002 -0.0365859 -0.0256267   0.317867
 0.0381525   0.997247  0.0635802     8.3182
   0.02323 -0.0644945   0.997648   0.063147
         0          0          0          0
  0.998796  -0.038867 -0.0299486   0.311496
 0.0407887   0.996954  0.0664827    8.36688
 0.0272734 -0.0676242   0.997338  0.0601911
         0          0          0          0
  0.998796 -0.0351896 -0.0341889   0.297267
 0.0371809   0.997537  0.0594745    8.41001
 0.0320118 -0.0606741   0.997644  0.0657343
         0          0          0          0
  0.998677    -0.0372 -0.0355131   0.281862
 0.0388289   0.998171  0.0463419    8.44774
 0.0337242 -0.0476595   0.998294  0.0598378
         0          0          0          0
  0.998288  -0.044107 -0.0384124   0.264356
  0.045641   0.998156  0.0400203    8.48909
 0.0365764  -0.041705    0.99846   0.058613
         0          0          0          0
  0.997732 -0.0560819 -0.0372188   0.258734
  0.057513     0.9976  0.0385686    8.53013
 0.0349665 -0.0406218   0.998562  0.0593617
         0          0          0          0
   0.99756 -0.0611199 -0.0337595   0.251978
 0.0623846   0.997337  0.0377792    8.57023
 0.0313605 -0.0397931   0.998716  0.0777783
         0          0          0          0
  0.997163 -0.0695472 -0.0288086     0.2485
 0.0705521   0.996877  0.0354781    8.60435
 0.0262512   -0.03741   0.998955  0.0876172
         0          0          0          0
  0.996316 -0.0817294 -0.0260014   0.249843
 0.0825743   0.996029   0.033279    8.64102
 0.0231783 -0.0353035   0.999108  0.0932599
         0          0          0          0
  0.995429 -0.0922759 -0.0246226   0.247208
 0.0930472   0.995138  0.0322792    8.67791
 0.0215243 -0.0344228   0.999175  0.0886953
         0          0          0          0
  0.994635   -0.10027 -0.0254482   0.246127
  0.101061   0.994366  0.0319835    8.71576
 0.0220978 -0.0343837   0.999164  0.0894497
         0          0          0          0
   0.99397  -0.106876  -0.024542    0.24451
  0.107617   0.993703    0.03119    8.75471
  0.021054 -0.0336431   0.999212  0.0909997
         0          0          0          0
  0.993531  -0.111859  -0.019582   0.245585
  0.112377   0.993279   0.027721    8.79578
 0.0163496 -0.0297423   0.999424  0.0865171
         0          0          0          0
  0.992758  -0.119152 -0.0153181   0.247808
  0.119451   0.992631  0.0203841    8.83488
 0.0127764 -0.0220663   0.999675  0.0851913
         0          0          0          0
  0.991909  -0.126479 -0.0109341   0.255154
  0.126611   0.991876   0.012342    8.87918
0.00928424 -0.0136265   0.999864  0.0830359
         0          0          0          0
   0.991247   -0.131878 -0.00618357    0.259435
   0.131888    0.991264  0.00129737     8.91954
 0.00595845  -0.0021016     0.99998   0.0694071
          0           0           0           0
   0.990258    -0.13904 -0.00763202    0.263668
   0.138947    0.990232  -0.0115677     8.96952
 0.00916585   0.0103945    0.999904   0.0520303
          0           0           0           0
   0.990214   -0.139247 -0.00935159    0.261501
   0.139094     0.99016  -0.0153322     9.01614
  0.0113945   0.0138813    0.999839   0.0457014
          0           0           0           0
  0.988167  -0.152624 -0.0152161   0.258809
  0.152461   0.988244 -0.0113598    9.05707
  0.016771 0.00890545   0.999819  0.0427671
         0          0          0          0
   0.984444   -0.174478  -0.0206741    0.260564
    0.17441     0.98466 -0.00506797     9.10771
  0.0212412  0.00138333    0.999773   0.0403156
          0           0           0           0
    0.981496    -0.190453    -0.019871     0.264056
    0.190477     0.981692 -0.000660122      9.15015
   0.0196329  -0.00313712     0.999802    0.0649706
           0            0            0            0
   0.979626   -0.200282  -0.0148899    0.268915
   0.200321     0.97973  0.00118303     9.19288
  0.0143511 -0.00414173    0.999888   0.0780775
          0           0           0           0
   0.978585   -0.205583  -0.0103556    0.271712
   0.205645    0.978612  0.00529832     9.23304
 0.00904487 -0.00731448    0.999932   0.0825242
          0           0           0           0
   0.977701     -0.2099 -0.00650752    0.270802
   0.209968    0.977628   0.0125709     9.27656
  0.0037233   -0.013657      0.9999   0.0819188
          0           0           0           0
    0.97726   -0.211915 -0.00740934    0.268231
   0.212023    0.977064   0.0198363     9.31876
 0.00303579  -0.0209562    0.999776   0.0948178
          0           0           0           0
   0.977987   -0.208451 -0.00949127    0.258366
   0.208636    0.977609   0.0274069     9.36517
 0.00356577  -0.0287839    0.999579   0.0836577
          0           0           0           0
  0.979424  -0.201322 -0.0141182    0.24546
  0.201677   0.978945  0.0315088    9.40702
 0.0074775 -0.0337078   0.999404  0.0717506
         0          0          0          0
  0.980829   -0.19387 -0.0197287   0.228581
   0.19447   0.980273  0.0352977    9.45098
 0.0124963 -0.0384577   0.999182  0.0629047
         0          0          0          0
  0.981542  -0.189528 -0.0255929   0.210893
  0.190394   0.981002  0.0372291    9.49733
 0.0180508 -0.0414147   0.998979  0.0565912
         0          0          0          0
  0.981737  -0.188134 -0.0282624   0.190876
  0.189023   0.981418  0.0329941    9.53932
 0.0215299 -0.0377338   0.999056  0.0524674
         0          0          0          0
  0.980419  -0.194795 -0.0288847    0.17621
  0.195474   0.980442  0.0228826    9.58031
 0.0238624 -0.0280808   0.999321  0.0401625
         0          0          0          0
  0.979533  -0.199278 -0.0283641   0.161297
  0.199736   0.979745  0.0143298    9.62065
 0.0249339 -0.0197019   0.999495  0.0501849
         0          0          0          0
  0.978674  -0.203931 -0.0247203   0.151195
  0.204261   0.978847  0.0116353    9.65908
 0.0218246 -0.0164366   0.999626  0.0635646
         0          0          0          0
  0.976471  -0.214736 -0.0198694   0.143368
  0.214973   0.976562  0.0106849    9.69488
 0.0171093 -0.0147049   0.999745  0.0665912
         0          0          0          0
  0.972855  -0.230358 -0.0221337   0.133657
  0.230622   0.972991  0.0101596    9.73168
 0.0191955 -0.0149883   0.999703  0.0756237
         0          0          0          0
  0.969311  -0.244574 -0.0249085   0.122838
  0.244874   0.969506  0.0097823    9.76861
 0.0217564 -0.0155816   0.999642  0.0634743
         0          0          0          0
  0.965403  -0.258958 -0.0306345   0.113887
  0.259354   0.965734 0.00968766     9.8029
 0.0270761 -0.0172977   0.999483  0.0693921
         0          0          0          0
  0.962713  -0.268753 -0.0309197   0.105632
   0.26913   0.963065  0.0086713    9.83837
 0.0274472 -0.0166694   0.999484  0.0640758
         0          0          0          0
  0.960304  -0.277671  -0.026744  0.0990355
  0.277954   0.960565 0.00747867    9.87604
 0.0236128 -0.0146155   0.999614  0.0654917
         0          0          0          0
  0.958401  -0.284715 -0.0201255  0.0952197
  0.284859   0.958558 0.00463283    9.91408
 0.0179724 -0.0101731   0.999786  0.0670308
         0          0          0          0
    0.956738    -0.290672   -0.0127482    0.0917078
    0.290655     0.956822  -0.00318541       9.9548
   0.0131236 -0.000657764     0.999913     0.068994
           0            0            0            0
   0.956888   -0.290442 -0.00316457   0.0863976
   0.290389    0.956838  -0.0115899     9.99823
 0.00639419   0.0101713    0.999928   0.0586807
          0           0           0           0
  0.956994  -0.290082 0.00391365  0.0844809
  0.290077    0.95661 -0.0274386    10.0342
 0.0042156  0.0273938   0.999616  0.0757923
         0          0          0          0
  0.955883  -0.293615 0.00885161   0.081307
  0.293722   0.954966 -0.0420466    10.0763
 0.0038925  0.0427914   0.999076  0.0739885
         0          0          0          0
  0.953461  -0.301161  0.0146618  0.0767603
  0.301517   0.952421 -0.0445273    10.1161
-0.000554372  0.0468757     0.9989  0.0669898
         0          0          0          0
  0.946888   -0.32129   0.013322  0.0751958
  0.321566   0.946062 -0.0395198    10.1597
9.38767e-05  0.0417046    0.99913  0.0547541
         0          0          0          0
   0.94111  -0.337872  0.0124695  0.0677878
  0.338099    0.94061 -0.0306982     10.204
-0.00135682  0.0331063   0.999451  0.0554044
         0          0          0          0
  0.935707  -0.352518   0.013556  0.0606161
  0.352742   0.935473 -0.0215292    10.2502
-0.00509182  0.0249267   0.999676  0.0889311
         0          0          0          0
  0.932295  -0.361047  0.0217252  0.0532435
  0.361323   0.932383 -0.0103686    10.2948
-0.0165126  0.0175163    0.99971  0.0877128
         0          0          0          0
   0.928525   -0.370425   0.0250494   0.0482398
    0.37053     0.92882 0.000494927     10.3337
 -0.0234497  0.00882195    0.999686   0.0869635
          0           0           0           0
  0.923314  -0.383385  0.0225539  0.0365253
  0.383333   0.923586 0.00672546     10.373
-0.0234089 0.00243589   0.999723   0.086684
         0          0          0          0
   0.918032   -0.396047   0.0190778   0.0239747
    0.39598     0.91823  0.00735991     10.4089
 -0.0204327 0.000797745    0.999791   0.0788951
          0           0           0           0
  0.914603  -0.404034   0.016058 0.00413508
  0.404035   0.914737 0.00329616    10.4437
-0.0160206 0.00347325   0.999865    0.06624
         0          0          0          0
  0.913551  -0.406543  0.0122084 -0.0179259
  0.406596   0.913605 -0.0021647    10.4802
-0.0102736 0.00694139   0.999923  0.0581577
         0          0          0          0
   0.914086   -0.405464  0.00685404  -0.0417708
   0.405497    0.914086 -0.00440019     10.5148
-0.00448105   0.0068014    0.999967   0.0335162
          0           0           0           0
   0.914835   -0.403812 -0.00367984  -0.0690799
   0.403759    0.914808  -0.0102372     10.5485
 0.00750023   0.0078795    0.999941   0.0360889
          0           0           0           0
  0.913123  -0.407619 -0.0074099 -0.0949415
  0.407495   0.913101 -0.0139526    10.5838
 0.0124533 0.00972092   0.999875  0.0334777
         0          0          0          0
   0.911316   -0.411653 -0.00672624   -0.122182
    0.41151    0.911262  -0.0161446     10.6232
  0.0127754   0.0119449    0.999847   0.0422377
          0           0           0           0
   0.911261   -0.411829 -0.00111365   -0.145579
   0.411759    0.911149  -0.0162027     10.6593
 0.00768746   0.0143063    0.999868   0.0564844
          0           0           0           0
   0.90958   -0.41551 0.00410129  -0.160738
   0.41553    0.90952 -0.0104301    10.6922
0.000603594  0.0111911   0.999937  0.0651393
         0          0          0          0
   0.904598   -0.426222  0.00620033   -0.171906
   0.426241    0.904607 -0.00212984     10.7299
-0.00470107  0.00456944    0.999978   0.0684731
          0           0           0           0
    0.89851   -0.438941  0.00349911   -0.185902
   0.438926    0.898513  0.00432248     10.7681
 -0.0050413 -0.00234799    0.999984   0.0857484
          0           0           0           0
    0.89401   -0.448047  0.00117324   -0.204116
   0.448018    0.893975  0.00942051     10.8046
-0.00526967 -0.00789644    0.999955   0.0877305
          0           0           0           0
   0.891135   -0.453738 -0.00103923   -0.220292
   0.453712    0.891053    0.013039     10.8399
-0.00499028  -0.0120911    0.999914   0.0818458
          0           0           0           0
   0.887439   -0.460922 -0.00197567   -0.233817
   0.460903    0.887344   0.0137115     10.8748
-0.00456682  -0.0130787    0.999904   0.0768696
          0           0           0           0
   0.883008    -0.46936 -0.00017747   -0.245847
    0.46932    0.882928   0.0133368     10.9124
-0.00610307  -0.0118598    0.999911   0.0732555
          0           0           0           0
   0.876619   -0.481174  0.00344982   -0.251838
   0.481121    0.876595   0.0101138     10.9505
 -0.0078906 -0.00720622    0.999943   0.0740872
          0           0           0           0
   0.869064    -0.49461   0.0094318   -0.258367
   0.494586    0.869115  0.00488505      10.994
 -0.0106135 0.000419379    0.999943   0.0551855
          0           0           0           0
   0.864921   -0.501662   0.0157537   -0.268566
   0.501789    0.864974 -0.00529839     11.0389
 -0.0109685   0.0124877    0.999862   0.0494159
          0           0           0           0
  0.863968  -0.503085  0.0215821  -0.276411
  0.503414   0.863931 -0.0140202    11.0767
-0.0115921  0.0229777   0.999669  0.0415008
         0          0          0          0
  0.860794  -0.508638  0.0179496   -0.28407
  0.508932   0.860551 -0.0209592    11.1136
-0.0047859  0.0271767   0.999619  0.0337372
         0          0          0          0
   0.85252  -0.522653 0.00669977  -0.292659
  0.522676   0.852308 -0.0195154     11.152
0.00448951   0.020139   0.999787  0.0416986
         0          0          0          0
   0.842143   -0.539214 -0.00669444   -0.311752
   0.539132     0.84215  -0.0109351     11.1938
  0.0115341  0.00559971    0.999918   0.0649448
          0           0           0           0
   0.833338   -0.552627  -0.0123401   -0.329545
   0.552653     0.83341 -0.00147775     11.2368
   0.011101 -0.00558834    0.999923   0.0735345
          0           0           0           0
  0.828501  -0.559848 -0.0125362  -0.346069
  0.559944   0.828508 0.00604472    11.2756
0.00700224 -0.0120277   0.999903  0.0779048
         0          0          0          0
  0.823842  -0.566611  -0.015399  -0.358577
  0.566784    0.82379   0.011184    11.3104
0.00634861 -0.0179418   0.999819  0.0865018
         0          0          0          0
  0.818338  -0.574422  -0.019044  -0.375162
  0.574713   0.818159  0.0179005    11.3451
0.00529853 -0.0255935   0.999658  0.0859247
         0          0          0          0
  0.811296  -0.584059 -0.0259991  -0.395004
  0.584601   0.810934  0.0250507     11.381
0.00645246 -0.0355226   0.999348  0.0751199
         0          0          0          0
   0.80335  -0.594585 -0.0331486  -0.420374
  0.595428   0.802912  0.0282596     11.417
0.00981265 -0.0424399   0.999051  0.0673664
         0          0          0          0
  0.795064  -0.605375 -0.0373475   -0.44612
  0.606406    0.79462   0.029151    11.4502
 0.0120298 -0.0458247   0.998877  0.0417374
         0          0          0          0
  0.787693  -0.614618 -0.0422552  -0.476732
  0.615797   0.787526  0.0244091    11.4832
 0.0182748 -0.0452475   0.998808  0.0397054
         0          0          0          0
   0.78236   -0.62127 -0.0440239  -0.508533
  0.622353   0.782566  0.0163452    11.5133
 0.0242968 -0.0401862   0.998896  0.0400042
         0          0          0          0
  0.775604  -0.630078 -0.0379715  -0.535179
  0.630658   0.776048 0.00447241    11.5386
 0.0266497 -0.0274159   0.999269  0.0388557
         0          0          0          0
   0.766663   -0.641309  -0.0308645   -0.563291
   0.641509    0.767104 -0.00420774     11.5668
  0.0263747  -0.0165739    0.999514   0.0387356
          0           0           0           0
    0.75818   -0.651552  -0.0253809   -0.589054
   0.651597    0.758527 -0.00758144     11.5941
  0.0241918  -0.0107901    0.999649   0.0477026
          0           0           0           0
   0.748967   -0.662238  -0.0221288   -0.614682
   0.662278     0.74923 -0.00649627     11.6232
  0.0208816    -0.00979    0.999734   0.0649594
          0           0           0           0
   0.737085   -0.675509  -0.0198702   -0.636955
   0.675576    0.737279 -0.00409062     11.6558
  0.0174131  -0.0104088    0.999794   0.0857863
          0           0           0           0
   0.725854   -0.687651  -0.0165273   -0.661656
   0.687748     0.72595 0.000222692      11.685
  0.0118448  -0.0115283    0.999863   0.0721876
          0           0           0           0
  0.715628  -0.698302  -0.015898   -0.68579
  0.698423   0.715678 0.00325663    11.7153
0.00910375 -0.0134341   0.999868  0.0553484
         0          0          0          0
   0.70623  -0.707654 -0.0215728  -0.712242
  0.707909   0.706268  0.0070927    11.7432
  0.010217 -0.0202807   0.999742   0.040379
         0          0          0          0
  0.696631  -0.716848 -0.0289038  -0.741367
  0.717308   0.696689 0.00967347    11.7706
 0.0132025 -0.0274718   0.999535  0.0406038
         0          0          0          0
  0.685575  -0.727248 -0.0331395  -0.767056
  0.727857   0.685638  0.0112222    11.7995
 0.0145603 -0.0318145   0.999387  0.0454559
         0          0          0          0
  0.671019  -0.740769 -0.0315561  -0.789758
  0.741318   0.671073  0.0104259    11.8292
 0.0134532 -0.0303891   0.999447  0.0396198
         0          0          0          0
  0.657709   -0.75284 -0.0255129  -0.818071
   0.75322   0.657684  0.0105314    11.8648
0.00885095 -0.0261434   0.999619  0.0334648
         0          0          0          0
  0.646513  -0.762689 -0.0181155  -0.844143
  0.762892    0.64645 0.00991956    11.8976
0.00414522 -0.0202333   0.999786  0.0314359
         0          0          0          0
  0.633484   -0.77365 -0.0128331  -0.871381
  0.773744    0.63348 0.00489804     11.933
0.00434012 -0.0130324   0.999905  0.0284318
         0          0          0          0
   0.62622  -0.779569 -0.0110495  -0.908515
   0.77964   0.626209 0.00484806    11.9679
0.00313987 -0.0116506   0.999927  0.0274085
         0          0          0          0
  0.612625  -0.790187 -0.0172109  -0.929651
  0.790348   0.612637 0.00518316    11.9955
0.00644833 -0.0167779   0.999838  0.0283789
         0          0          0          0
   0.59206  -0.805492 -0.0254673  -0.959318
  0.805797   0.592184 0.00318586    12.0246
 0.0125151 -0.0224077    0.99967  0.0279616
         0          0          0          0
  0.572771  -0.819134 -0.0308772  -0.992526
  0.819591   0.572935 0.00415285    12.0539
 0.0142889 -0.0276854   0.999514  0.0372502
         0          0          0          0
  0.555021  -0.831235 -0.0316544   -1.02281
  0.831779   0.555028 0.00934504     12.085
0.00980112 -0.0315162   0.999455     0.0494
         0          0          0          0
  0.539737  -0.841218 -0.0322029   -1.05151
   0.84182   0.539548   0.015046      12.11
0.00471805   -0.03523   0.999368   0.049537
         0          0          0          0
  0.521909  -0.852165 -0.0377917    -1.0777
  0.852988   0.521634   0.017565    12.1332
 0.0047452 -0.0414032   0.999131   0.048715
         0          0          0          0
  0.503844  -0.862604 -0.0453444   -1.11209
  0.863781   0.503432  0.0209243    12.1552
0.00477841 -0.0497102   0.998752   0.045212
         0          0          0          0
  0.488336  -0.871072 -0.0525614   -1.14913
  0.872648   0.487708  0.0250453    12.1783
0.00381835 -0.0580981   0.998303  0.0419685
         0          0          0          0
  0.478292  -0.876559 -0.0536898   -1.18838
  0.878198   0.477542  0.0268553    12.2001
0.00209884  -0.059995   0.998196  0.0277873
         0          0          0          0
   0.47385  -0.879063 -0.0521175   -1.22815
  0.880605   0.473055  0.0274514    12.2182
0.000522937 -0.0589028   0.998263  0.0175901
         0          0          0          0
  0.475502  -0.878317 -0.0495881     -1.267
  0.879713   0.474851   0.024923    12.2309
0.00165668 -0.0554743   0.998459 0.00818159
         0          0          0          0
   0.480031   -0.876309  -0.0406658     -1.3053
   0.877246    0.479685   0.0185075     12.2366
 0.00328846  -0.0445581    0.999001 -0.00397178
          0           0           0           0
   0.480688   -0.876411  -0.0290641    -1.34201
    0.87684    0.480754  0.00513017     12.2399
 0.00947651  -0.0279506    0.999564 -0.00115455
          0           0           0           0
   0.478441   -0.877837  -0.0222888    -1.38036
   0.877999    0.478642 -0.00441794     12.2453
  0.0145465  -0.0174558    0.999742 -0.00417609
          0           0           0           0
   0.478466   -0.877927  -0.0177559     -1.4218
    0.87796    0.478657 -0.00854332     12.2555
  0.0159994  -0.0115014    0.999806 -0.00354765
          0           0           0           0
  0.480678  -0.876733 -0.0170152   -1.45949
  0.876789   0.480833 -0.0063661    12.2657
 0.0137628 -0.0118587   0.999835 0.00984054
         0          0          0          0
   0.476676   -0.878916  -0.0169792    -1.48699
   0.878995    0.476809 -0.00457677     12.2749
  0.0121184  -0.0127431    0.999845   0.0124956
          0           0           0           0
   0.470294   -0.882298  -0.0193537    -1.52097
   0.882403    0.470466 -0.00526553     12.2884
   0.013751  -0.0146014    0.999799    0.011477
          0           0           0           0
   0.465363   -0.884802  -0.0237419    -1.55893
   0.884958    0.465624 -0.00666015     12.3022
  0.0169477  -0.0179113    0.999696 0.000298861
          0           0           0           0
   0.460371   -0.887159  -0.0317561    -1.59575
   0.887473      0.4608 -0.00741627     12.3153
  0.0212126  -0.0247685    0.999468 -0.00196185
          0           0           0           0
    0.452609    -0.890782   -0.0406696     -1.63104
    0.891388     0.453199  -0.00617772      12.3305
   0.0239344   -0.0334564     0.999153 -0.000111059
           0            0            0            0
   0.443538   -0.895071   -0.046076     -1.6693
   0.895992    0.444068 -0.00141204     12.3511
  0.0217247  -0.0406575    0.998937  0.00729985
          0           0           0           0
   0.43466  -0.899331 -0.0477158    -1.7039
  0.900452   0.434924 0.00523452    12.3742
 0.0160451  -0.045241   0.998847 0.00330329
         0          0          0          0
    0.42398   -0.904831  -0.0390444    -1.73733
   0.905625    0.424002  0.00813553     12.3995
 0.00919354  -0.0388089    0.999204 -0.00779169
          0           0           0           0
  0.416657  -0.908662 -0.0270631   -1.77085
  0.909058   0.416582 0.00861572    12.4222
 0.0034452 -0.0281918   0.999596 -0.0187281
         0          0          0          0
  0.407079  -0.913201 -0.0187677   -1.80216
  0.913375   0.407114 0.00209184    12.4436
0.00573029 -0.0179936   0.999821   -0.02744
         0          0          0          0
   0.397281   -0.917578  -0.0148141    -1.84172
   0.917658    0.397362 -0.00284433     12.4649
 0.00849641  -0.0124643    0.999886   -0.043749
          0           0           0           0
   0.384814   -0.922824  -0.0177771    -1.87767
   0.922858    0.385017 -0.00974586     12.4806
  0.0158381  -0.0126554    0.999794  -0.0369688
          0           0           0           0
  0.364018   -0.93104 -0.0256392   -1.91395
  0.931116   0.364443  -0.014338    12.5008
 0.0226932 -0.0186538   0.999568  -0.037389
         0          0          0          0
  0.353046  -0.935128 -0.0299444   -1.95564
  0.935319    0.35355 -0.0134799    12.5236
 0.0231922 -0.0232486    0.99946 -0.0182625
         0          0          0          0
   0.341765   -0.939215  -0.0327543    -1.98988
   0.939616    0.342158 -0.00708589     12.5464
  0.0178622  -0.0283547    0.999438  0.00134658
          0           0           0           0
  0.331793  -0.942656 -0.0362568   -2.02686
  0.943291   0.331964 0.00135265    12.5669
 0.0107608 -0.0346496   0.999341 0.00741592
         0          0          0          0
  0.324679  -0.944913 -0.0415313    -2.0632
  0.945803   0.324653 0.00756304     12.584
0.00633679  -0.041736   0.999108  0.0123847
         0          0          0          0
  0.315084  -0.947838 -0.0482352   -2.09992
   0.94906   0.314828  0.0130151    12.5987
0.00284955 -0.0498789   0.998751 0.00397012
         0          0          0          0
    0.30994    -0.94927  -0.0531576    -2.14013
   0.950754    0.309587   0.0149752     12.6138
 0.00224131  -0.0551812    0.998474 -0.00855587
          0           0           0           0
  0.307409  -0.949945 -0.0557255   -2.17975
  0.951569   0.307129    0.01375    12.6239
0.00405313 -0.0572535   0.998351 -0.0297553
         0          0          0          0
  0.306876  -0.950132 -0.0554815   -2.22142
   0.95172   0.306809  0.0099415    12.6309
0.00757642 -0.0558536    0.99841 -0.0324455
         0          0          0          0
  0.306074  -0.950421 -0.0549616   -2.26239
  0.951933   0.306263 0.00515702    12.6349
 0.0119313 -0.0538982   0.998475   -0.04281
         0          0          0          0
   0.303563   -0.951408  -0.0517125    -2.30151
   0.952665    0.304021 -0.00105673     12.6369
   0.016727  -0.0489439    0.998661  -0.0479363
          0           0           0           0
   0.298259   -0.953405  -0.0454145    -2.34227
   0.954298    0.298805 -0.00557521      12.643
  0.0188854  -0.0416761    0.998952  -0.0361132
          0           0           0           0
   0.29585  -0.954362   -0.04085   -2.38424
  0.955134   0.296171 -0.0019063    12.6526
 0.0139178 -0.0384532   0.999163 -0.0334336
         0          0          0          0
  0.297885  -0.953661 -0.0423988   -2.42464
   0.95458    0.29789 0.00634183    12.6598
0.00658219 -0.0423622    0.99908 -0.0339628
         0          0          0          0
  0.294045    -0.9548 -0.0435488   -2.45832
  0.955791   0.293812  0.0118132    12.6675
0.00151593 -0.0450972   0.998981 -0.0287353
         0          0          0          0
  0.288836  -0.956307 -0.0452983   -2.49452
  0.957378   0.288463  0.0147265    12.6777
-0.00101621 -0.0476212   0.998865 -0.0338299
         0          0          0          0
  0.285924  -0.957051 -0.0479961   -2.52829
  0.958246   0.285365  0.0182549    12.6889
-0.0037745 -0.0512116    0.99868 -0.0212132
         0          0          0          0
  0.287406  -0.956429 -0.0514169   -2.56575
  0.957783   0.286584  0.0228764    12.7036
-0.00714443  -0.055821   0.998415 -0.0167175
         0          0          0          0
   0.29223  -0.954571 -0.0582889   -2.60415
  0.956313   0.291152  0.0263814    12.7149
-0.00821201 -0.0634518   0.997951 -0.0192078
         0          0          0          0
  0.297037  -0.952739   -0.06371    -2.6404
   0.95483   0.295784  0.0284893    12.7265
-0.00829845 -0.0692946   0.997561 -0.0242508
         0          0          0          0
  0.301895  -0.951219 -0.0635901   -2.67658
  0.953293   0.300532  0.0302374    12.7394
-0.00965148 -0.0697484   0.997518 -0.0326427
         0          0          0          0
  0.301663  -0.951461 -0.0610196   -2.70808
  0.953349    0.30027  0.0310507    12.7515
-0.0112211 -0.0675398   0.997653 -0.0508325
         0          0          0          0
  0.296482  -0.953712 -0.0503321   -2.74058
   0.95495   0.295323  0.0292645    12.7668
-0.0130457  -0.056741   0.998303 -0.0636905
         0          0          0          0
  0.293739  -0.955201 -0.0361858   -2.77162
  0.955769   0.292899  0.0267845     12.784
-0.0149858 -0.0424529   0.998986 -0.0676803
         0          0          0          0
  0.288902  -0.957168 -0.0191439   -2.80324
  0.957196   0.288425  0.0242391    12.8005
-0.0176793 -0.0253272   0.999522 -0.0653699
         0          0          0          0
  0.273117  -0.961911 -0.0116895   -2.83403
  0.961788   0.272798  0.0233909    12.8159
-0.0193111 -0.0176313   0.999658 -0.0537095
         0          0          0          0
  0.256937   -0.96633 -0.0138497   -2.87199
  0.966222   0.256559  0.0243677    12.8334
 -0.019994 -0.0196429   0.999607 -0.0467896
         0          0          0          0
   0.23952  -0.970721 -0.0182294   -2.90657
  0.970652   0.239001  0.0267479    12.8505
-0.0216079  -0.024101   0.999476  -0.039843
         0          0          0          0
  0.222849  -0.974682 -0.0183195   -2.94315
  0.974528    0.22225   0.030037    12.8686
 -0.025205 -0.0245466   0.999381 -0.0340956
         0          0          0          0
  0.207842  -0.978015 -0.0170156   -2.97407
  0.977623   0.207117  0.0368487    12.8833
-0.0325144 -0.0242935   0.999176 -0.0460906
         0          0          0          0
  0.195165  -0.980612 -0.0176739   -3.00718
  0.980015   0.194276  0.0427676    12.8962
-0.0385048 -0.0256674   0.998928 -0.0368231
         0          0          0          0
  0.180671  -0.983228 -0.0249343   -3.04278
  0.982667   0.179381  0.0467904    12.9079
-0.0415329 -0.0329558   0.998593   -0.03386
         0          0          0          0
  0.164907  -0.985644  -0.036237   -3.08268
  0.985356   0.163021  0.0499879     12.918
-0.0433629 -0.0439497   0.998092 -0.0439536
         0          0          0          0
  0.151928  -0.987288 -0.0467085   -3.12537
  0.987467   0.149572  0.0503854    12.9232
-0.0427586  -0.053778   0.997637 -0.0534948
         0          0          0          0
  0.143497  -0.988333 -0.0510627   -3.16746
  0.988787   0.141025   0.049127    12.9249
-0.0413526 -0.0575397   0.997486 -0.0557541
         0          0          0          0
  0.136145  -0.989311 -0.0522503   -3.20795
  0.989917   0.133767  0.0466107    12.9248
-0.0391231 -0.0580692   0.997545  -0.063167
         0          0          0          0
  0.131519  -0.990105 -0.0489617   -3.25064
  0.990718   0.129566  0.0411312     12.921
-0.0343804 -0.0539166   0.997953 -0.0721096
         0          0          0          0
  0.126332  -0.991238 -0.0385957   -3.29074
  0.991501   0.124955  0.0362416    12.9145
-0.0311013 -0.0428461   0.998597 -0.0830141
         0          0          0          0
  0.115115  -0.992888 -0.0303777   -3.32812
  0.993013   0.114222  0.0296639    12.9061
-0.0259831 -0.0335802   0.999098  -0.101204
         0          0          0          0
  0.104856  -0.994181 -0.0247268   -3.36594
  0.994254    0.10426  0.0243068    12.9005
-0.0215873 -0.0271334   0.999398 -0.0885106
         0          0          0          0
 0.0992142  -0.994745 -0.0253044   -3.40589
  0.994854  0.0986347  0.0232099    12.8967
-0.0205921 -0.0274769    0.99941 -0.0787545
         0          0          0          0
 0.0868442  -0.995923 -0.0244276   -3.43913
  0.996024  0.0863114  0.0220838    12.8959
-0.0198854 -0.0262483   0.999458 -0.0761647
         0          0          0          0
 0.0747012  -0.996926 -0.0236506   -3.47432
  0.997063  0.0742668  0.0187441    12.8933
-0.0169301 -0.0249814   0.999544 -0.0817828
         0          0          0          0
 0.0639502  -0.997574 -0.0275484   -3.50928
  0.997853  0.0635274  0.0159608    12.8921
 -0.014172 -0.0285099   0.999493 -0.0834701
         0          0          0          0
 0.0536859  -0.997934  -0.035302   -3.54627
  0.998503  0.0532774  0.0124158    12.8906
-0.0105093 -0.0359157   0.999299 -0.0741452
         0          0          0          0
 0.0407261  -0.998037 -0.0475873    -3.5852
  0.999144    0.04033 0.00925582      12.89
-0.00731849 -0.0479235   0.998824 -0.0861492
         0          0          0          0
 0.0244248  -0.997954  -0.059108   -3.62532
   0.99968  0.0239883 0.00808426    12.8927
-0.00664986 -0.0592865   0.998219 -0.0894976
         0          0          0          0
 0.0092416  -0.997701 -0.0671506   -3.66663
  0.999922 0.00864627 0.00915174    12.8933
-0.00855013 -0.0672299   0.997701 -0.0903731
         0          0          0          0
 -0.0075854    -0.99741   -0.071529    -3.70636
   0.999916 -0.00832516   0.0100504     12.8979
 -0.0106199  -0.0714466    0.997388  -0.0902556
          0           0           0           0
-0.0264615  -0.997096 -0.0714196   -3.74387
  0.999561 -0.0273462  0.0114382    12.9023
 -0.013358 -0.0710855   0.997381  -0.102648
         0          0          0          0
-0.0452577  -0.996912 -0.0641928   -3.78117
  0.998826 -0.0462729  0.0144173    12.9086
-0.0173431 -0.0634648   0.997833  -0.106494
         0          0          0          0
-0.0650589  -0.996446 -0.0535224   -3.82006
  0.997671 -0.0660543  0.0170427    12.9157
-0.0205175 -0.0522889   0.998421  -0.111638
         0          0          0          0
-0.0792533   -0.99579 -0.0460669   -3.86155
  0.996523 -0.0803359  0.0221428    12.9208
-0.0257504 -0.0441518   0.998693  -0.107395
         0          0          0          0
-0.0974363  -0.994168 -0.0462345   -3.90114
  0.994829 -0.0986296  0.0242679    12.9265
-0.0286865 -0.0436308   0.998636  -0.106159
         0          0          0          0
 -0.126106  -0.990794 -0.0492482   -3.94033
   0.99163  -0.127288  0.0216365    12.9314
 -0.027706 -0.0461075   0.998552  -0.108491
         0          0          0          0
  -0.15285  -0.986906 -0.0515386   -3.97957
  0.987888  -0.153997  0.0190539     12.932
-0.0267412  -0.048002   0.998489 -0.0927879
         0          0          0          0
 -0.174453  -0.983319 -0.0514864   -4.01532
  0.984151  -0.175814  0.0231743    12.9349
-0.0318397 -0.0466275   0.998405 -0.0730251
         0          0          0          0
 -0.191459  -0.979957 -0.0550322   -4.05273
  0.980646  -0.193331  0.0309429    12.9368
-0.0409621 -0.0480427   0.998005 -0.0728204
         0          0          0          0
 -0.207207   -0.97638 -0.0612254    -4.0862
  0.977096  -0.209648  0.0365133    12.9376
-0.0484867 -0.0522572   0.997456 -0.0984636
         0          0          0          0
 -0.221792  -0.972526 -0.0707417   -4.12577
  0.973747  -0.224715  0.0363559    12.9316
-0.0512537  -0.060821   0.996832  -0.101566
         0          0          0          0
  -0.23361  -0.968967 -0.0808183    -4.1664
  0.970922  -0.236937  0.0342456    12.9228
-0.0523317 -0.0704681    0.99614  -0.101296
         0          0          0          0
 -0.242986  -0.966217 -0.0859272   -4.20469
  0.968664  -0.246389  0.0313533    12.9105
-0.0514656 -0.0756161   0.995808   -0.10417
         0          0          0          0
 -0.246911  -0.965542 -0.0822506    -4.2423
  0.967797      -0.25  0.0295032    12.8963
-0.0490492 -0.0723172   0.996175   -0.11595
         0          0          0          0
 -0.246478   -0.96627 -0.0746473    -4.2741
  0.968141  -0.249002  0.0264945    12.8791
-0.0441881 -0.0657387   0.996858   -0.12135
         0          0          0          0
 -0.240439  -0.969071 -0.0556051   -4.30684
   0.96999  -0.242013  0.0234642    12.8603
-0.0361956 -0.0482946   0.998177  -0.116447
         0          0          0          0
-0.234022 -0.971585 -0.035472  -4.33129
 0.971748 -0.234901 0.0229928   12.8394
-0.0306719 -0.029089  0.999106 -0.126291
        0         0         0         0
 -0.233765  -0.971946 -0.0260285    -4.3581
  0.971956  -0.234306  0.0201099    12.8197
-0.0256444 -0.0205975   0.999459  -0.139341
         0          0          0          0
  -0.24033  -0.970443 -0.0219825   -4.39098
  0.970483  -0.240687  0.0152901    12.8014
-0.0201291  -0.017659   0.999641  -0.136592
         0          0          0          0
 -0.243553  -0.969618 -0.0228938   -4.42613
  0.969673  -0.243928  0.0153268    12.7846
-0.0204456 -0.0184666    0.99962  -0.126019
         0          0          0          0
 -0.254296  -0.966785  -0.025735   -4.45463
  0.966787  -0.254822   0.019741    12.7763
-0.0256431 -0.0198602   0.999474  -0.130119
         0          0          0          0
 -0.271723  -0.961921 -0.0296177   -4.48654
  0.961908  -0.272422   0.022814    12.7689
-0.0300138 -0.0222904   0.999301  -0.134787
         0          0          0          0
 -0.286895  -0.957291  -0.035886   -4.52106
  0.957399  -0.287809  0.0235307    12.7599
-0.0328541 -0.0276064   0.999079    -0.1419
         0          0          0          0
 -0.300744    -0.9526 -0.0459042   -4.55495
  0.953086  -0.301935  0.0215367    12.7489
 -0.034376 -0.0372736   0.998714  -0.150077
         0          0          0          0
 -0.316632    -0.9471  -0.052416   -4.58671
  0.947922  -0.317948  0.0188134    12.7407
-0.0344837 -0.0437293   0.998448  -0.151659
         0          0          0          0
 -0.334623  -0.940613 -0.0572493   -4.62159
  0.941635  -0.336122  0.0186562    12.7329
 -0.036791 -0.0476651   0.998186  -0.146246
         0          0          0          0
 -0.353542  -0.933671 -0.0571744   -4.65678
  0.934536  -0.355204  0.0217952    12.7259
-0.0406581  -0.045726   0.998126   -0.14158
         0          0          0          0
 -0.370688  -0.927157 -0.0545266   -4.69302
  0.927706  -0.372423  0.0257816    12.7196
-0.0442105 -0.0410277   0.998179  -0.142436
         0          0          0          0
 -0.382114  -0.922689 -0.0513405   -4.73167
  0.922912  -0.383862  0.0297571    12.7126
-0.0471642  -0.036012   0.998238  -0.143242
         0          0          0          0
 -0.395818  -0.917211 -0.0453284   -4.76644
  0.917113  -0.397352  0.0318904    12.7054
-0.0472615 -0.0289484   0.998463  -0.158918
         0          0          0          0
 -0.412304  -0.910302 -0.0368369   -4.80344
  0.910007  -0.413428  0.0310764    12.6981
-0.0435183 -0.0207089   0.998838  -0.169681
         0          0          0          0
 -0.425026  -0.904576 -0.0331319   -4.84325
  0.904285   -0.42595  0.0289425    12.6852
-0.0402932 -0.0176593   0.999032  -0.170971
         0          0          0          0
 -0.444385  -0.895051 -0.0375183   -4.87486
  0.895168  -0.445282  0.0200155     12.678
-0.0346211 -0.0246906   0.999096  -0.171168
         0          0          0          0
  -0.47433  -0.879095 -0.0469597   -4.91176
  0.879879  -0.475144 0.00731646    12.6668
-0.0287445 -0.0378484    0.99887  -0.175475
         0          0          0          0
  -0.502132   -0.863053  -0.0548135    -4.95557
   0.864411   -0.502784 -0.00218054     12.6494
 -0.0256774  -0.0484762    0.998494   -0.168214
          0           0           0           0
  -0.525288   -0.848448  -0.0648836      -4.994
   0.850371   -0.526169 -0.00405513     12.6367
 -0.0306992  -0.0573052    0.997885   -0.167183
          0           0           0           0
  -0.547307   -0.833437  -0.0764131    -5.02855
   0.836113   -0.548528 -0.00584949     12.6282
 -0.0370395  -0.0670913    0.997059   -0.162651
          0           0           0           0
  -0.572189   -0.815345  -0.0883932    -5.05852
   0.818982   -0.573748 -0.00916214     12.6171
 -0.0432451  -0.0776348    0.996044   -0.178385
          0           0           0           0
 -0.598584   -0.79532 -0.0957369   -5.09607
  0.799711  -0.600229 -0.0137829    12.6005
-0.0465022 -0.0848118   0.995311  -0.172376
         0          0          0          0
 -0.619314  -0.778653  -0.100752   -5.13458
  0.783574  -0.621078 -0.0166127    12.5823
-0.0496396 -0.0892352   0.994773   -0.16383
         0          0          0          0
-0.632949 -0.766994 -0.105344  -5.17244
  0.77239 -0.634886 -0.018314   12.5614
-0.0528344 -0.092958  0.994267 -0.163655
        0         0         0         0
 -0.640135  -0.760984  -0.105512   -5.20427
  0.766459  -0.641988 -0.0198554    12.5363
-0.0526277 -0.0935805    0.99422  -0.164182
         0          0          0          0
   -0.6473  -0.755844 -0.0985101   -5.22876
  0.760749  -0.648689 -0.0215768    12.5118
-0.0475937  -0.088908   0.994902   -0.17054
         0          0          0          0
  -0.65159  -0.753887 -0.0841824   -5.25274
  0.757501  -0.652547 -0.0193962    12.4849
-0.0403104 -0.0764065   0.996262  -0.163917
         0          0          0          0
 -0.651095  -0.755903 -0.0684751   -5.27318
  0.758142  -0.651991 -0.0113982    12.4576
-0.0360292 -0.0593351   0.997588  -0.156538
         0          0          0          0
  -0.651491   -0.756142  -0.0617256    -5.29101
   0.757803    -0.65246 -0.00566363     12.4299
  -0.035991  -0.0504656    0.998077   -0.170109
          0           0           0           0
  -0.653852   -0.754281  -0.0594977    -5.31266
   0.755803   -0.654782 -0.00492912     12.3998
 -0.0352401  -0.0481914    0.998216   -0.174042
          0           0           0           0
  -0.653755   -0.754327   -0.059972     -5.3426
   0.755898   -0.654666 -0.00566441     12.3676
 -0.0349888  -0.0490358    0.998184   -0.171428
          0           0           0           0
  -0.651641   -0.755997  -0.0619242    -5.36512
   0.757664   -0.652623 -0.00555178      12.341
  -0.036216  -0.0505354    0.998065   -0.168577
          0           0           0           0
  -0.655441   -0.752743  -0.0614625    -5.38321
   0.754361   -0.656443 -0.00497655     12.3204
 -0.0366005  -0.0496266    0.998097   -0.172034
          0           0           0           0
  -0.662538   -0.746492  -0.0616068    -5.40424
   0.748139   -0.663518 -0.00582787     12.2992
 -0.0365268  -0.0499515    0.998084   -0.174724
          0           0           0           0
  -0.670021   -0.739577   -0.064036    -5.42993
   0.741452   -0.670948 -0.00890402     12.2754
 -0.0363797  -0.0534454    0.997908   -0.181952
          0           0           0           0
 -0.677488  -0.732473 -0.0670437   -5.45752
  0.734735  -0.678184 -0.0152512    12.2494
-0.0342969 -0.0595917   0.997634  -0.181641
         0          0          0          0
  -0.68332  -0.726464 -0.0729786   -5.48683
   0.72926  -0.683948 -0.0199191    12.2234
-0.0354431 -0.0668313   0.997135  -0.188852
         0          0          0          0
 -0.684838  -0.724727 -0.0759579   -5.52186
  0.727682  -0.685658 -0.0188169    12.1991
 -0.038444 -0.0681596   0.996934  -0.182196
         0          0          0          0
 -0.684197  -0.725305 -0.0762227    -5.5532
  0.727948  -0.685547 -0.0108787    12.1788
-0.0443639 -0.0629292   0.997032  -0.180691
         0          0          0          0
   -0.682452    -0.726987   -0.0758392     -5.58665
    0.729087    -0.684423 -5.48902e-06        12.16
   -0.051902    -0.055297      0.99712    -0.182565
           0            0            0            0
  -0.68063  -0.728937 -0.0734644   -5.61738
  0.730225  -0.683094  0.0125176    12.1414
-0.0593076 -0.0451256   0.997219  -0.188382
         0          0          0          0
 -0.679697  -0.729933 -0.0721941   -5.65201
  0.730591  -0.682468  0.0218192    12.1207
-0.0651967 -0.0379138   0.997152  -0.206337
         0          0          0          0
 -0.677759  -0.731431 -0.0751904   -5.68273
  0.731998  -0.680851  0.0249733    12.0977
-0.0694596 -0.0381133   0.996857  -0.212826
         0          0          0          0
 -0.684704  -0.724656 -0.0778229   -5.70489
  0.725753  -0.687712  0.0183567     12.075
 -0.066822 -0.0439113   0.996798  -0.220923
         0          0          0          0
 -0.694794  -0.714652 -0.0808549   -5.73997
  0.716535  -0.697508 0.00780786    12.0449
-0.0619768 -0.0525105   0.996696  -0.220291
         0          0          0          0
 -0.701493  -0.707536 -0.0854605   -5.77329
  0.710039  -0.704163 0.00156516    12.0163
-0.0612854 -0.0595822   0.996341  -0.207659
         0          0          0          0
  -0.708546   -0.700049  -0.0888618     -5.7998
   0.702784   -0.711404 0.000711849     11.9927
 -0.0637149  -0.0619461    0.996044   -0.195409
          0           0           0           0
   -0.719166    -0.688896   -0.0906964     -5.82226
     0.69181     -0.72208 -0.000972644      11.9707
    -0.06482   -0.0634441     0.995878    -0.191902
           0            0            0            0
  -0.734611   -0.672116  -0.0927875    -5.84137
   0.675233     -0.7376 -0.00302049     11.9466
 -0.0664099  -0.0648719    0.995682    -0.19227
          0           0           0           0
  -0.756031   -0.647442   -0.096114    -5.86162
   0.650935   -0.759104 -0.00677689     11.9188
 -0.0685728  -0.0676874    0.995348   -0.196522
          0           0           0           0
  -0.77468  -0.624986 -0.0962568   -5.89367
  0.628637  -0.777633 -0.0102121     11.886
-0.0684699 -0.0684216   0.995304  -0.202445
         0          0          0          0
  -0.78835  -0.608305 -0.0920413   -5.91644
  0.611633  -0.791074  -0.010502     11.852
-0.0664229 -0.0645746     0.9957  -0.206504
         0          0          0          0
   -0.79956   -0.594531  -0.0850801    -5.93722
   0.597339    -0.80193 -0.00982891      11.818
 -0.0623846  -0.0586803    0.996326   -0.208879
          0           0           0           0
  -0.805138    -0.58796  -0.0778319       -5.96
   0.590167   -0.807253 -0.00685405     11.7798
 -0.0588001  -0.0514522    0.996943   -0.210487
          0           0           0           0
 -0.809606  -0.582682 -0.0708595   -5.97068
  0.583884  -0.811826  0.0045222    11.7425
-0.0601605 -0.0377124   0.997476  -0.209406
         0          0          0          0
 -0.812821  -0.578426  -0.068906   -5.98953
  0.579037  -0.815202  0.0127838    11.7054
-0.0635668 -0.0295081   0.997541  -0.204157
         0          0          0          0
 -0.815706   -0.57348 -0.0758122   -6.00547
  0.573908  -0.818719  0.0181776    11.6683
-0.0724933 -0.0286816   0.996957   -0.21987
         0          0          0          0
 -0.816553  -0.570993 -0.0849078   -6.02916
  0.571921  -0.820166  0.0153702    11.6263
-0.0784147 -0.0360099    0.99627  -0.215733
         0          0          0          0
  -0.82008  -0.565173 -0.0897269   -6.04324
  0.566712   -0.82386 0.00974012    11.5894
-0.0794271 -0.0428616   0.995919  -0.215201
         0          0          0          0
    -0.825  -0.557935 -0.0899241   -6.05934
   0.55967  -0.828688 0.00696664     11.557
-0.0784058 -0.0445802   0.995924  -0.224892
         0          0          0          0
   -0.829245    -0.551545   -0.0902975     -6.07821
    0.553835    -0.832628 -0.000367899      11.5194
  -0.0749812   -0.0503149     0.995915    -0.227597
           0            0            0            0
 -0.831448  -0.547529 -0.0943802   -6.09997
   0.55068  -0.834668 -0.0090839    11.4826
-0.0738023  -0.059526   0.995495  -0.222727
         0          0          0          0
 -0.834048   -0.54302 -0.0974479   -6.11822
  0.546791  -0.837134 -0.0150847    11.4469
-0.0733856 -0.0658649   0.995126  -0.213378
         0          0          0          0
  -0.83786  -0.536609  -0.100223   -6.13974
  0.540651  -0.841086 -0.0165269    11.4151
-0.0754274 -0.0680327   0.994828  -0.207896
         0          0          0          0
 -0.843322  -0.527886  -0.100733    -6.1588
  0.531567  -0.846934 -0.0118933    11.3855
 -0.079036 -0.0635762   0.994843  -0.218995
         0          0          0          0
  -0.849697   -0.517834  -0.0993235    -6.18125
    0.52082   -0.853653 -0.00491983      11.356
 -0.0822401  -0.0559099    0.995043   -0.225626
          0           0           0           0
 -0.853931  -0.510819 -0.0993436   -6.21161
  0.512914  -0.858426 0.00509695    11.3246
-0.0878826 -0.0466022    0.99504  -0.234039
         0          0          0          0
 -0.855759  -0.507828 -0.0989369   -6.24259
  0.508848  -0.860699  0.0165329    11.2917
-0.0935506 -0.0361955   0.994957  -0.234815
         0          0          0          0
 -0.852322  -0.513144  -0.101155   -6.27718
   0.51327   -0.85781  0.0267784    11.2525
 -0.100513 -0.0290958    0.99451  -0.239757
         0          0          0          0
 -0.849586  -0.516796  -0.105489   -6.29335
  0.516566  -0.855664   0.031631    11.2166
 -0.106609 -0.0276185   0.993917  -0.243974
         0          0          0          0
 -0.853793  -0.509932  -0.104919   -6.31215
  0.509982  -0.859717  0.0283852    11.1811
 -0.104675 -0.0292716   0.994076  -0.252123
         0          0          0          0
 -0.861111  -0.497953  -0.102629   -6.33466
  0.498479  -0.866616  0.0222965    11.1442
 -0.100042 -0.0319585    0.99447  -0.239485
         0          0          0          0
 -0.867282  -0.487039  -0.103041   -6.35709
   0.48787  -0.872717  0.0187044    11.1092
-0.0990353 -0.0340485   0.994501  -0.232026
         0          0          0          0
   -0.8737  -0.475066  -0.104702   -6.37601
  0.476103  -0.879236  0.0164664    11.0742
-0.0998807 -0.0354624   0.994367  -0.226639
         0          0          0          0
 -0.880176  -0.462553  -0.106473   -6.39605
  0.463878  -0.885798  0.0134732    11.0398
 -0.100545 -0.0375313   0.994225   -0.23411
         0          0          0          0
 -0.885446   -0.45213  -0.107543   -6.41574
  0.454085  -0.890932 0.00697122    11.0012
-0.0989655  -0.042661   0.994176  -0.232315
         0          0          0          0
  -0.889195   -0.444564   -0.108154     -6.4322
   0.447294   -0.894387 -0.00110281       10.96
 -0.0962409   -0.049357    0.994134    -0.23133
          0           0           0           0
  -0.890007   -0.443771   -0.104677    -6.44597
   0.446761   -0.894635 -0.00580564     10.9141
 -0.0910709  -0.0519324     0.99449   -0.232789
          0           0           0           0
  -0.888065   -0.448535   -0.100795    -6.45252
   0.451484    -0.89225 -0.00736463     10.8662
 -0.0866314  -0.0520477     0.99488   -0.236436
          0           0           0           0
  -0.886183   -0.453395  -0.0954691    -6.45418
   0.456035   -0.889938 -0.00667472       10.82
 -0.0819351  -0.0494522     0.99541   -0.241087
          0           0           0           0
 -0.886431   -0.45431 -0.0885693   -6.45249
  0.456464  -0.889731 -0.0046242    10.7736
-0.0767019 -0.0445276   0.996059  -0.253494
         0          0          0          0
  -0.887559   -0.453224  -0.0826351    -6.45373
   0.455224   -0.890357 -0.00613141     10.7243
 -0.0707958  -0.0430594    0.996561   -0.255011
          0           0           0           0
  -0.88838  -0.451693 -0.0822003   -6.46077
  0.454048  -0.890903 -0.0115764    10.6771
-0.0680035  -0.047607   0.996549  -0.242776
         0          0          0          0
 -0.887018  -0.453967 -0.0843548   -6.46904
  0.456867  -0.889356 -0.0179074    10.6306
-0.0668921  -0.054423   0.996275  -0.237304
         0          0          0          0
 -0.888089   -0.45173 -0.0850875   -6.46955
  0.454987  -0.890208 -0.0227524    10.5905
-0.0654676 -0.0589197   0.996114  -0.246053
         0          0          0          0
 -0.893125  -0.442546 -0.0805175   -6.47352
  0.445643  -0.894869 -0.0247713    10.5561
-0.0610902 -0.0580058   0.996445  -0.241365
         0          0          0          0
 -0.897477  -0.434635 -0.0750337   -6.48488
  0.437565  -0.898764 -0.0275994    10.5189
-0.0554418 -0.0576019   0.996799   -0.23353
         0          0          0          0
 -0.898987  -0.431712 -0.0738183   -6.49569
  0.434945   -0.89979 -0.0346944    10.4798
-0.0514429 -0.0632967   0.996668  -0.236275
         0          0          0          0
 -0.900193  -0.429113 -0.0742739   -6.50678
  0.432772  -0.900498 -0.0425949    10.4409
-0.0486055 -0.0704872   0.996328  -0.245985
         0          0          0          0
 -0.900746  -0.427969 -0.0741749   -6.52046
  0.431924   -0.90058 -0.0489902    10.4006
-0.0458341 -0.0761655   0.996041  -0.242978
         0          0          0          0
 -0.900981   -0.42742  -0.074485    -6.5346
  0.431512   -0.90064 -0.0514529    10.3633
-0.0450921 -0.0784991   0.995894  -0.243113
         0          0          0          0
   -0.9034  -0.422256 -0.0746345   -6.54509
  0.426166  -0.903409  -0.047287    10.3307
-0.0474582 -0.0745257   0.996089  -0.251171
         0          0          0          0
 -0.907152  -0.413574 -0.0776829   -6.56904
  0.417122  -0.908129  -0.036231     10.297
-0.0555619 -0.0652702    0.99632  -0.249897
         0          0          0          0
 -0.905852  -0.415025 -0.0847893   -6.60249
  0.417796  -0.908378 -0.0172374    10.2591
-0.0698668 -0.0510391    0.99625   -0.26059
         0          0          0          0
  -0.898427   -0.428834  -0.0945087    -6.62984
   0.431563   -0.902033 -0.00957983      10.221
 -0.0811417  -0.0493932    0.995478   -0.246266
          0           0           0           0
 -0.896341   -0.43199 -0.0997945   -6.63994
  0.435379   -0.90014 -0.0139997    10.1844
-0.0837811 -0.0559969    0.99491  -0.247756
         0          0          0          0
 -0.898199   -0.42853 -0.0979907    -6.6586
  0.432615  -0.901259 -0.0240697    10.1423
-0.0780002 -0.0640115   0.994896  -0.252283
         0          0          0          0
 -0.900146  -0.425576 -0.0928745   -6.67181
  0.429427  -0.902745 -0.0254137    10.1067
-0.0730265 -0.0627587   0.995353  -0.244224
         0          0          0          0
 -0.901221  -0.423926 -0.0899369   -6.68539
  0.426853  -0.904192   -0.01533    10.0745
-0.0748214 -0.0522054   0.995829  -0.239176
         0          0          0          0
  -0.900954   -0.424056  -0.0919809    -6.70154
   0.426479   -0.904467 -0.00754302     10.0443
 -0.0799949  -0.0460237    0.995732   -0.232229
          0           0           0           0
  -0.900274   -0.424303  -0.0973417    -6.71679
   0.426644   -0.904414 -0.00360399     10.0121
 -0.0865079  -0.0447747    0.995245   -0.240158
          0           0           0           0
 -0.899776  -0.423916  -0.103446    -6.7342
  0.426674  -0.904392 -0.0050787    9.97373
 -0.091403 -0.0487075   0.994622  -0.238953
         0          0          0          0
 -0.898853  -0.424677  -0.108237    -6.7497
  0.428223   -0.90361 -0.0107897    9.93148
-0.0932222  -0.056048   0.994067  -0.256759
         0          0          0          0
 -0.897666  -0.427076  -0.108648   -6.76056
  0.431341  -0.902007  -0.018175     9.8857
-0.0902393 -0.0631794   0.993914  -0.275664
         0          0          0          0
 -0.896689  -0.430153  -0.104498   -6.76742
  0.434527  -0.900383  -0.022337    9.83809
  -0.08448 -0.0654365   0.994274  -0.277102
         0          0          0          0
 -0.896736   -0.43157 -0.0980509   -6.77034
  0.435204  -0.900149 -0.0182203    9.79309
 -0.080397 -0.0590108   0.995015  -0.279444
         0          0          0          0
  -0.897871    -0.43006  -0.0942221    -6.77409
    0.43272   -0.901486 -0.00884869     9.75185
 -0.0811343  -0.0487167    0.995512   -0.284058
          0           0           0           0
  -0.900511   -0.424893  -0.0924527    -6.78514
   0.427032    -0.90423 -0.00373807     9.70661
 -0.0820102  -0.0428463     0.99571   -0.283563
          0           0           0           0
   -0.900076    -0.425193   -0.0952667      -6.8022
    0.427185    -0.904165 -0.000564759      9.65919
  -0.0858966   -0.0412047     0.995452    -0.271403
           0            0            0            0
 -0.894499  -0.435432  -0.101358   -6.81725
  0.437588  -0.899177 0.00107195    9.61262
-0.0916053  -0.043394    0.99485  -0.263268
         0          0          0          0
   -0.890352    -0.443443    -0.103121     -6.82807
    0.445821    -0.895123 -1.79503e-05      9.57392
  -0.0922978   -0.0459894     0.994669    -0.268766
           0            0            0            0
   -0.88526    -0.45422   -0.100006    -6.84383
   0.456857   -0.889533 -0.00393927     9.53251
 -0.0871688  -0.0491755    0.994979   -0.263624
          0           0           0           0
  -0.878459   -0.467633  -0.0981387    -6.85506
   0.470704   -0.882242 -0.00946677     9.49173
  -0.082155  -0.0545103    0.995128   -0.261373
          0           0           0           0
 -0.872202  -0.479442 -0.0969593   -6.86639
  0.483003  -0.875477 -0.0158477    9.45107
-0.0772875 -0.0606539   0.995162  -0.262584
         0          0          0          0
 -0.866906  -0.489462 -0.0943554   -6.88319
  0.493196  -0.869693 -0.0198477    9.41234
-0.0723454 -0.0637417   0.995341  -0.268416
         0          0          0          0
 -0.860339  -0.501692 -0.0901304   -6.90266
  0.504784  -0.863134 -0.0139663    9.37677
-0.0707878 -0.0575121   0.995832  -0.276893
         0          0          0          0
  -0.854784   -0.511746  -0.0863903     -6.9227
   0.513888   -0.857853 -0.00301359     9.34719
 -0.0725679  -0.0469708    0.996257   -0.277125
          0           0           0           0
